S = 0.4
mixing temperature : [23.702600313655648, 23.93277798416469, 23.882229818449492, 23.936104109324088, 24.25636999735265, 24.509532084600345, 24.844803792498837, 24.934364968893853, 25.483785405200212, 25.673885364188724, 26.1750935993298, 25.98575437942617, 26.777256941790917, 26.747037909302296, 27.320098376414023, 26.937727978221954, 27.6493077407896, 27.642767149493043, 27.479510255264273, 25.860116701765104]
mixing depth : [60.826388888888886, 56.028925619834716, 56.62152777777777, 56.91836734693876, 56.99173553719008, 49.81404958677686, 42.0, 52.5, 47.0, 48.44444444444445, 48.5, 55.10204081632653, 32.5, 43.0, 44.0, 54.22222222222222, 37.5, 47.888888888888886, 61.75, 70.38888888888889]
MPI : [ 0. , 0. , 0. , 0. , 20.61395246, 23.46808051, 37.074705 , 39.78569043, 55.82796415, 57.23216188, 69.8172554 , 64.60353661, 88.71336919, 79.34501437, 97.62955539, 82.46786044,
 104.38831381, 102.39013872, 96.50235974, 40.07136273] 


S = 0.6
mixing temperature : [23.312503056297917, 23.5960364917413, 23.551519755148224, 23.624153904228393, 23.946298854830363, 24.26710653256528, 24.72259767570344, 24.678796339846134, 25.34709085089465, 25.542398670701555, 25.889480465972852, 25.66715680888438, 26.664431241188005, 26.67315149344601, 27.08035479796746, 26.642443314323245, 27.423811609763767, 27.21218707306301, 27.030875092330746, 25.347248562662106]
mixing depth : [76.31597222222221, 68.70247933884298, 69.53819444444444, 70.41496598639453, 70.07851239669422, 59.528925619834716, 48.111111111111114, 64.0, 54.0, 56.666666666666664, 59.0, 68.14285714285714, 37.5, 48.0, 54.5, 67.0, 44.5, 60.44444444444445, 79.25, 92.80555555555554]
MPI : [ 0. , 0. , 0. , 0. , 0. , 12.65448899, 32.49457714, 30.22517542, 52.17499838, 53.55837001, 62.36555027, 55.98082003, 85.24004394, 76.77724268, 89.69350298,
 72.38376967, 98.1701394 , 89.65004639, 81.39513449, 13.49095922] 

S = 0.8
mixing temperature : [22.98140086041433, 23.28267678865723, 23.244593490447688, 23.340968473271417, 23.66108112071637, 24.019734225914487, 24.59339961617381, 24.442201664209293, 25.190795677546106, 25.38936767301311, 25.614150209502903, 25.386639706627058, 26.515436325238497, 26.572581792483106, 26.849595199392155, 26.390834825691908, 27.161924877932716, 26.825519497878503, 26.675688176243483, 24.99445016118344]
mixing depth : [91.40972222222223, 81.2809917355372, 82.24305555555556, 83.39682539682539, 82.82851239669422, 69.49999999999999, 53.444444444444436, 75.0, 61.0, 64.66666666666667, 69.25, 80.14285714285714, 43.0, 53.0, 64.0, 78.0, 52.0, 72.44444444444446, 94.0, 109.80555555555556]
MPI : [ 0. , 0. , 0. , 0. , 0. , 0. , 26.9322499 , 17.80718429, 47.76339044, 49.09938819, 54.82095415, 47.7926054 , 80.68315513, 73.35057063, 
81.05995543, 64.60281912, 89.24233686, 74.67850678, 67.27013556, 0. ] 

S = 1
mixing temperature : [22.703662307071358, 23.007723072328485, 22.973008666349074, 23.09028944795612, 23.410562104416805, 23.794590645005083, 24.44233935844647, 24.24377665131601, 25.031582186053342, 25.227925314741228, 25.372030721166574, 25.16295986454429, 26.345015334587885, 26.46398866323128, 26.63219336470347, 26.159614120485685, 26.891638293065867, 26.493192905189545, 26.3728771556385, 24.677837341138986]
mixing depth : [106.47916666666667, 93.6776859504132, 94.75347222222223, 96.12925170068027, 95.18595041322314, 79.20247933884298, 59.444444444444436, 84.75, 68.0, 72.66666666666667, 78.75, 90.20408163265306, 49.0, 58.0, 73.0, 88.33333333333333, 60.0, 83.77777777777777, 106.75, 125.16666666666667]
MPI : [ 0. , 0. , 0. , 0. , 0. , 0. , 18.63593298, 4.71961996, 42.93077771, 44.10969388, 47.71228822, 40.58588481, 75.49591216, 
69.68237557, 73.51059781, 57.916323 , 79.73395948, 63.06929999, 57.76735383, 0. ] 

S = 1.2
mixing temperature : [22.471252239680037, 22.771026042744595, 22.73999919145524, 22.8727839488667, 23.18953370515246, 23.59449499647168, 24.285545243561202, 24.065512979483017, 24.87766602435149, 25.08658529359126, 25.154689034709385, 24.9668729931451, 26.173310211719944, 26.329665793444292, 26.437242971852786, 25.973393059763765, 26.63774689424848, 26.219956710752687, 26.10193476817392, 24.37360006690947]
mixing depth : [121.125, 105.82644628099173, 106.84375, 108.4671201814059, 107.23760330578511, 88.58884297520662, 65.66666666666667, 94.0, 75.0, 79.66666666666667, 87.75, 99.24489795918369, 55.0, 64.0, 81.25, 96.77777777777777, 68.0, 93.8888888888889, 118.0, 140.16666666666666]
MPI : [ 0. , 0. , 0. , 0. , 0. , 0. , 11.6001424 , 0. , 37.80913532, 39.40659471, 40.72092208, 33.41637856, 
70.17287551, 65.69390762, 67.05186686, 52.27593237, 71.36293272, 54.41102007, 48.82313223, 0. ] 

S = 1.4
mixing temperature : [22.269101227326093, 22.561593519717, 22.53493272800408, 22.68487252368231, 22.995331972557192, 23.408845340199722, 24.145346599193658, 23.909323606030245, 24.7316781452301, 24.939819744086847, 24.959878243425266, 24.7908450030094, 26.032571754212647, 26.22045267210342, 26.263728737515798, 25.806823396209627, 26.42778581055719, 25.979518237668273, 25.840307504573403, 24.089000337359618] 
mixing depth: [134.92708333333334, 117.86776859504134, 118.61111111111113, 120.07256235827666, 118.61776859504134, 98.09917355371903, 71.44444444444444, 102.5, 82.0, 87.1111111111111, 96.25, 107.36734693877551, 60.0, 69.0, 88.75, 104.33333333333333, 75.0, 103.22222222222223, 128.75, 154.74999999999997]
MPI : [ 0. , 0. , 0. , 0. , 0. , 0. , 0. , 0. , 32.3424572 , 34.03893833, 33.63460616, 25.71361456, 66.57924102, 62.58285348,
 62.10068877, 46.94474441, 64.98738717, 46.32916053, 39.3631325 , 0. ] 

